LongerDesign-lesstriangles2-rearleft
30m/s T6/1-Quads-ThickSurf-ForceSum-REAR_LEFT_(0.00,1.00)


 Ctrl        Alpha        Beta         CL           CD           CD_viscous   CD_induced   CY           Cm           Cm_viscous   Cm_pressure  Cl           Cn           Cn_viscous   Cn_pressure  CL/CD        CL^(3/2)/CD  1/sqrt(CL)   Fx_FF_(N)    Fy_FF_(N)    Fz_FF_(N)    Fx_sum_(N)   Fy_sum_(N)   Fz_sum_(N)   Extra_drag_(N)  Fuse_drag_(N)  Cf_Fuse      Vx_(m/s)     Vz_(m/s)     V_(m/s)      Gamma        L_(N.m)      M_(N.m)      N_(N.m)      CPx_(m)      CPy_(m)      CPz_(m)      BM_(N.m)     m.g.Vz_(W)   Fx.Vx_(W)    Efficiency   XCp.Cl       XNP_(m)      Phugoid_Freq._(Hz)  Phugoid_Damping  Short_Period_Freq._(Hz)  Short_Period_Damping_Ratio  Dutch_Roll_Freq._(Hz)  Dutch_Roll_Damping  Roll_Damping  Spiral_Damping  Mass_(kg)    CoG_x_(m)    CoG_z_(m)    
        -30            0            0       -1.378      0.28672     0.021057      0.26566    -0.091325      0.89866     -0.10027      0.99893     -0.50931    -0.076152    -0.011451    -0.064701       -4.806      -5.6416           -1        12068      -4148.5       -62596        12068      -4148.5       -62596            0            0            0       29.371      -1.3399           30      -11.754        11568       8572.7       1729.6      0.91233     -0.24954     0.039773            0      -3864.5      0.79003      0.92142      -1.2572            0            0            0            0            0            0            0            0            0          294         0.58            1  
        -29            0            0      -1.3364      0.26896     0.019122      0.24984      -0.0857      0.91376    -0.091056       1.0048       -0.499    -0.070973    -0.010215    -0.060758      -4.9687       -5.744           -1        11349        -3893       -60707        11349        -3893       -60707            0            0            0        29.41       -1.316           30      -11.379        11334       8716.8         1612      0.91297      -0.2494     0.038422            0      -3795.6      0.74398      0.92154      -1.2201            0            0            0            0            0            0            0            0            0          294         0.58            1  
        -28            0            0      -1.2941      0.25213     0.017798      0.23433    -0.080236      0.92326    -0.084752        1.008     -0.48809    -0.066277   -0.0093991    -0.056878      -5.1328       -5.839           -1        10645      -3644.8       -58786        10645      -3644.8       -58786            0            0            0       29.446      -1.2946           30      -11.025        11086       8807.4       1505.3      0.91355     -0.24926     0.037042            0      -3733.8      0.69864      0.92136      -1.1822            0            0            0            0            0            0            0            0            0          294         0.58            1  
        -27            0            0      -1.2511      0.23589     0.016718      0.21917    -0.074929      0.92869    -0.079608       1.0083     -0.47656     -0.06184   -0.0087511    -0.053089      -5.3039      -5.9326           -1         9956      -3403.7       -56833         9956      -3403.7       -56833            0            0            0       29.481      -1.2742           30      -10.677        10824       8859.1       1404.6      0.91409     -0.24912     0.035635            0      -3674.9      0.65421      0.92071      -1.1436            0            0            0            0            0            0            0            0            0          294         0.58            1  
        -26            0            0      -1.2075      0.22013     0.015772      0.20436    -0.069792      0.93065    -0.075104       1.0057     -0.46442    -0.057563   -0.0081933     -0.04937      -5.4852      -6.0273           -1       9283.2      -3170.3       -54850       9283.2      -3170.3       -54850            0            0            0       29.514      -1.2542           30      -10.332        10548       8877.8       1307.4      0.91458       -0.249     0.034199            0      -3617.2      0.61068      0.91971      -1.1043            0            0            0            0            0            0            0            0            0          294         0.58            1  
        -25            0            0      -1.1631      0.20488     0.014937      0.18994    -0.064823      0.92908    -0.071129       1.0002     -0.45167     -0.05345   -0.0077038    -0.045746      -5.6772      -6.1227           -1       8628.2      -2944.7       -52836       8628.2      -2944.7       -52836            0            0            0       29.545      -1.2346           30      -9.9898        10259       8862.9         1214      0.91502     -0.24887     0.032734            0      -3560.8      0.56819      0.91821      -1.0643            0            0            0            0            0            0            0            0            0          294         0.58            1  
        -24            0            0      -1.1182      0.18999     0.014069      0.17592    -0.060032      0.92469    -0.066995      0.99168     -0.43832    -0.049413   -0.0071982    -0.042215      -5.8853      -6.2233           -1       7991.5        -2727       -50794       7991.5        -2727       -50794            0            0            0       29.576      -1.2147           30      -9.6433       9955.5         8821       1122.3      0.91541     -0.24876      0.03124            0      -3503.3      0.52682       0.9162      -1.0236            0            0            0            0            0            0            0            0            0          294         0.58            1  
        -23            0            0      -1.0725      0.17559     0.013268      0.16233    -0.055415      0.91678     -0.06318      0.97996     -0.42432    -0.045516   -0.0067339    -0.038782      -6.1079      -6.3255           -1       7373.8      -2517.3       -48720       7373.8      -2517.3       -48720            0            0            0       29.606       -1.195           30      -9.2981       9637.5       8745.6       1033.8      0.91573     -0.24864     0.029714            0      -3446.7      0.48659      0.91352     -0.98212            0            0            0            0            0            0            0            0            0          294         0.58            1  
        -22            0            0      -1.0263      0.16176     0.012584      0.14918     -0.05098      0.90516    -0.059924      0.96508     -0.40972     -0.04181   -0.0063517    -0.035458      -6.3442      -6.4269           -1       6776.6      -2315.8       -46619       6776.6      -2315.8       -46619            0            0            0       29.634      -1.1762           30      -8.9575       9305.9       8634.7       949.62      0.91598     -0.24853     0.028157            0      -3392.3      0.44761      0.91014     -0.94003            0            0            0            0            0            0            0            0            0          294         0.58            1  
        -21            0            0     -0.97942      0.14846      0.01198      0.13648    -0.046736      0.89002    -0.057049      0.94707      -0.3945    -0.038253     -0.00602    -0.032233      -6.5972      -6.5289           -1       6199.7        -2123       -44491       6199.7        -2123       -44491            0            0            0       29.661      -1.1578           30      -8.6193       8960.2       8490.2       868.84      0.91616     -0.24843     0.026565            0      -3339.3      0.40988      0.90609     -0.89731            0            0            0            0            0            0            0            0            0          294         0.58            1  
        -20            0            0     -0.93201      0.13568     0.011406      0.12427     -0.04268      0.87145    -0.054316      0.92577     -0.37867     -0.03483   -0.0057033    -0.029126      -6.8694      -6.6317           -1         5645      -1938.8       -42337         5645      -1938.8       -42337            0            0            0       29.687      -1.1399           30      -8.2826       8600.7       8313.1       791.08      0.91627     -0.24834     0.024937            0      -3287.5      0.37353      0.90111     -0.85397            0            0            0            0            0            0            0            0            0          294         0.58            1  
        -19            0            0     -0.88402       0.1234     0.010841      0.11256    -0.038816      0.84949    -0.051622      0.90111     -0.36222    -0.031515   -0.0053771    -0.026138       -7.164      -6.7357           -1         5113      -1763.3       -40157         5113      -1763.3       -40157            0            0            0       29.712      -1.1223           30      -7.9464         8227       8103.6       715.79      0.91629     -0.24824     0.023268            0      -3236.8      0.33861      0.89507     -0.81001            0            0            0            0            0            0            0            0            0          294         0.58            1  
        -18            0            0      -0.8355      0.11165      0.01029      0.10136     -0.03515      0.82411    -0.048999      0.87311     -0.34515    -0.028337   -0.0050663     -0.02327      -7.4834      -6.8402           -1       4604.2      -1596.7       -37953       4604.2      -1596.7       -37953            0            0            0       29.736      -1.1051           30      -7.6113       7839.4       7861.6       643.61      0.91621     -0.24816     0.021556            0      -3187.3      0.30516      0.88785     -0.76549            0            0            0            0            0            0            0            0            0          294         0.58            1  
        -17            0            0     -0.78647      0.10044    0.0097398       0.0907    -0.031683      0.79531     -0.04638      0.84169     -0.32749    -0.025293    -0.004757    -0.020536      -7.8303      -6.9442           -1       4120.1      -1439.2       -35726       4120.1      -1439.2       -35726            0            0            0       29.758      -1.0886           30      -7.2778       7438.3       7586.8       574.47      0.91601     -0.24808     0.019794            0      -3139.6      0.27328      0.87916     -0.72042            0            0            0            0            0            0            0            0            0          294         0.58            1  
        -16            0            0     -0.73695      0.08987    0.0092827     0.080587     -0.02842      0.76264    -0.044203      0.80684     -0.30922    -0.022431   -0.0045015    -0.017929      -8.2002      -7.0396           -1       3660.7        -1291       -33477       3660.7        -1291       -33477            0            0            0       29.779      -1.0738           30      -6.9528       7023.2       7275.1       509.47      0.91569     -0.24801     0.017976            0      -3097.1      0.24298       0.8688     -0.67482            0            0            0            0            0            0            0            0            0          294         0.58            1  
        -15            0            0     -0.68696     0.079915    0.0088749     0.071041    -0.025362      0.72625    -0.042261      0.76852     -0.29034    -0.019731    -0.004271     -0.01546      -8.5961      -7.1248           -1       3227.1      -1152.1       -31206       3227.1      -1152.1       -31206            0            0            0       29.799       -1.061           30      -6.6355       6594.5         6928       448.14      0.91521     -0.24795     0.016091            0        -3060      0.21434      0.85638     -0.62872            0            0            0            0            0            0            0            0            0          294         0.58            1  
        -14            0            0     -0.63652     0.070544    0.0084725     0.062072    -0.022513      0.68632    -0.040345      0.72667     -0.27086     -0.01718    -0.004052    -0.013128       -9.023      -7.1988           -1       2819.7      -1022.7       -28915       2819.7      -1022.7       -28915            0            0            0       29.817      -1.0501           30      -6.3242         6152       6547.1       390.21      0.91455     -0.24789     0.014126            0      -3028.6       0.1874      0.84147     -0.58213            0            0            0            0            0            0            0            0            0          294         0.58            1  
        -13            0            0     -0.58567     0.061824    0.0081242       0.0537    -0.019874      0.64262    -0.038687      0.68131      -0.2508    -0.014802   -0.0038602    -0.010941      -9.4732      -7.2498           -1       2439.4       -902.8       -26605       2439.4       -902.8       -26605            0            0            0       29.834      -1.0427           30      -6.0259       5696.3       6130.2       336.19      0.91366     -0.24784     0.012064            0      -3007.2      0.16221      0.82346     -0.53511            0            0            0            0            0            0            0            0            0          294         0.58            1  
        -12            0            0     -0.53442     0.053737    0.0078004     0.045937    -0.017449      0.59523    -0.037145      0.63238     -0.23014    -0.012586   -0.0036833   -0.0089032      -9.9451      -7.2703           -1       2086.7      -792.62       -24277       2086.7      -792.62       -24277            0            0            0       29.849      -1.0397           30      -5.7419       5227.1       5678.2       285.88      0.91249      -0.2478    0.0098776            0      -2998.8      0.13883      0.80151     -0.48766            0            0            0            0            0            0            0            0            0          294         0.58            1  
        -11            0            0     -0.48281     0.046298    0.0074987     0.038799    -0.015238      0.54416    -0.035708      0.57987      -0.2089    -0.010538    -0.003519   -0.0070191      -10.428       -7.246           -1       1762.5      -692.19       -21932       1762.5      -692.19       -21932            0            0            0       29.863      -1.0432           30      -5.4776       4744.8         5191       239.35      0.91096     -0.24777    0.0075312            0      -3008.8      0.11732      0.77451     -0.43982            0            0            0            0            0            0            0            0            0          294         0.58            1  
        -10            0            0     -0.43084     0.039517    0.0072218     0.032295    -0.013244      0.48937    -0.034389      0.52376     -0.18709   -0.0086579   -0.0033678   -0.0052901      -10.903      -7.1564           -1         1467      -601.64       -19571         1467      -601.64       -19571            0            0            0       29.875      -1.0563           30      -5.2405       4249.4       4668.3       196.65      0.90893     -0.24775    0.0049683            0      -3046.5     0.097687      0.74098     -0.39161            0            0            0            0            0            0            0            0            0          294         0.58            1  
         -9            0            0     -0.37858     0.033417    0.0069791     0.026438     -0.01147      0.43085    -0.033234      0.46408     -0.16471   -0.0069572   -0.0032369   -0.0037202      -11.329      -6.9705           -1         1201      -521.03       -17197         1201      -521.03       -17197            0            0            0       29.884      -1.0845           30      -5.0444       3741.2       4110.1       158.02      0.90621     -0.24775    0.0021024            0      -3127.7     0.079994      0.69886     -0.34307            0            0            0            0            0            0            0            0            0          294         0.58            1  
         -8            0            0     -0.32603     0.027993    0.0067561     0.021237    -0.009916      0.36863    -0.032172       0.4008     -0.14178    -0.005429   -0.0031163   -0.0023127      -11.647      -6.6501           -1       964.71      -450.44       -14810       964.71      -450.44       -14810            0            0            0        29.89      -1.1367           30      -4.9075       3220.2       3516.5       123.31      0.90249     -0.24777   -0.0012124            0      -3278.4     0.064271      0.64523     -0.29424            0            0            0            0            0            0            0            0            0          294         0.58            1  
         -7            0            0     -0.27321     0.023259    0.0065553     0.016704   -0.0085836      0.30269    -0.031216       0.3339     -0.11829   -0.0040783   -0.0030079   -0.0010704      -11.746      -6.1397           -1       758.78      -389.92       -12411       758.78      -389.92       -12411            0            0            0       29.892      -1.2312           30      -4.8661       2686.6       2887.5        92.63      0.89719     -0.24782   -0.0052361            0        -3551     0.050555      0.57607     -0.24512            0            0            0            0            0            0            0            0            0          294         0.58            1  
         -6            0            0     -0.22017     0.019222    0.0063754     0.012847   -0.0074744      0.23307    -0.030359      0.26343    -0.094262    -0.002909   -0.0029117   2.7016e-06      -11.454      -5.3744           -1       583.58      -339.53       -10001       583.58      -339.53       -10001            0            0            0       29.886      -1.4065           30      -4.9897         2141       2223.4       66.071      0.88918     -0.24792    -0.010478            0      -4056.6     0.038874      0.48643     -0.19577            0            0            0            0            0            0            0            0            0          294         0.58            1  
         -5            0            0     -0.16693     0.015888    0.0062129    0.0096749    -0.006589      0.15979    -0.029585      0.18937    -0.069703   -0.0019199   -0.0028244   0.00090451      -10.507      -4.2928           -1       439.49      -299.31      -7582.9       439.49      -299.31      -7582.9            0            0            0       29.865      -1.7609           30      -5.4368       1583.1       1524.3       43.607      0.87589      -0.2481    -0.018108            0      -5078.7     0.029255       0.3713     -0.14621            0            0            0            0            0            0            0            0            0          294         0.58            1  
         -4            0            0     -0.11351      0.01326    0.0060682    0.0071919   -0.0059289     0.082845    -0.028896      0.11174    -0.044615   -0.0011132   -0.0027473    0.0016341      -8.5604      -2.8842           -1        326.7      -269.33      -5156.4        326.7      -269.33      -5156.4            0            0            0       29.797       -2.621           30      -6.6629       1013.3       790.29       25.283      0.84987      -0.2485    -0.031505            0      -7559.2     0.021698      0.23097    -0.096471            0            0            0            0            0            0            0            0            0          294         0.58            1  
         -3            0            0     -0.05997     0.011347    0.0059371    0.0054096   -0.0054939    0.0023065    -0.028272     0.030578    -0.019025  -0.00049245   -0.0026783    0.0021858      -5.2852      -1.2943           -1       245.73      -249.57      -2724.2       245.73      -249.57      -2724.2            0            0            0       29.477      -5.8405           30      -10.714       432.11       22.002       11.185      0.77706     -0.24964    -0.066131            0       -16845     0.016145     0.085705      -0.0466            0            0            0            0            0            0            0            0            0          294         0.58            1  
         -2            0            0   -0.0063249     0.010153     0.005821    0.0043318   -0.0052845    -0.081815    -0.027719    -0.054096    0.0070594  -5.8092e-05   -0.0026172    0.0025591     -0.62297    -0.049545           -1       196.78      -240.05      -287.31       196.78      -240.05      -287.31            0            0            0       15.863      -152.57           30      -58.078      -160.34      -780.46       1.3194     -0.53313     -0.27071     -0.66253            0  -4.4005e+05    0.0069574    0.0011905     0.003372            0            0            0            0            0            0            0            0            0          294         0.58            1  
         -1            0            0     0.047422    0.0096798    0.0057205    0.0039594   -0.0053018     -0.16954     -0.02724      -0.1423     0.033648   0.00018883   -0.0025649    0.0027538       4.8991       1.0669       4.5921       179.86      -240.84       2154.2       179.86      -240.84       2154.2            0            0            0       29.394       7.0855           30       11.537      -764.25      -1617.3      -4.2889        1.127     -0.24403     0.089612            0        20436     0.011784     0.073223     0.053444            0            0            0            0            0            0            0            0            0          294         0.58            1  
          0            0            0       0.1012    0.0099339     0.005634    0.0042999   -0.0055448     -0.26076    -0.026829     -0.23393     0.060703   0.00024525   -0.0025207     0.002766       10.187       3.2408       3.1435       195.33      -251.88       4597.1       195.33      -251.88       4597.1            0            0            0       29.857       2.3325           30       5.6062      -1378.7      -2487.5      -5.5703       1.0231     -0.24568     0.040934            0       6727.2     0.012999      0.30705      0.10354            0            0            0            0            0            0            0            0            0          294         0.58            1  
          1            0            0      0.15501     0.010909    0.0055558    0.0053535   -0.0060144     -0.35546    -0.026456       -0.329     0.088231   0.00011572   -0.0024805    0.0025962       14.209       5.5944       2.5399       243.19      -273.21       7041.6       243.19      -273.21       7041.6            0            0            0       29.926       1.3512           30       4.0257        -2004      -3390.9      -2.6283       0.9913      -0.2462     0.024962            0       3897.1     0.016221      0.57864      0.15366            0            0            0            0            0            0            0            0            0          294         0.58            1  
          2            0            0       0.2088     0.012587    0.0054625     0.007124   -0.0067091     -0.45344    -0.026012     -0.42743       0.1162  -0.00018781   -0.0024288    0.0022409       16.589       7.5802       2.1885       323.62      -304.77       9484.8       323.62      -304.77       9484.8            0            0            0       29.946      0.99724           30       3.4497      -2639.3      -4325.6       4.2657      0.97582     -0.24645     0.016429            0       2876.2       0.0216      0.78891      0.20375            0            0            0            0            0            0            0            0            0          294         0.58            1  
          3            0            0      0.26253     0.014959    0.0053485    0.0096104   -0.0076291     -0.55464    -0.025469     -0.52917      0.14461  -0.00066397   -0.0023651    0.0017011        17.55       8.9924       1.9517       436.56      -346.56        11926       436.56      -346.56        11926            0            0            0       29.951      0.84062           30       3.2611      -3284.5      -5290.9       15.081      0.96661     -0.24661     0.010764            0       2424.5     0.029144      0.92455      0.25377            0            0            0            0            0            0            0            0            0          294         0.58            1  
          4            0            0      0.31619     0.018068    0.0052557     0.012812   -0.0087736     -0.65921    -0.025027     -0.63418      0.17344   -0.0013418   -0.0023178   0.00097597         17.5       9.8406       1.7784          582      -398.55        14363          582      -398.55        14363            0            0            0       29.951      0.76817           30       3.2704      -3939.3      -6288.4       30.477      0.96047     -0.24672     0.006506            0       2215.5     0.038854        1.006       0.3037            0            0            0            0            0            0            0            0            0          294         0.58            1  
          5            0            0      0.36974     0.021919    0.0051901     0.016729    -0.010141     -0.76711    -0.024715     -0.74239      0.20267   -0.0022237   -0.0022882   6.4441e-05       16.868       10.257       1.6446       759.93      -460.68        16796       759.93      -460.68        16796            0            0            0       29.947      0.73697           30       3.3926      -4603.3      -7317.8       50.508      0.95605     -0.24681    0.0030435            0       2125.5     0.050725       1.0535      0.35349            0            0            0            0            0            0            0            0            0          294         0.58            1  
          6            0            0      0.42317      0.02652    0.0051608     0.021359    -0.011732     -0.87837    -0.024575     -0.85379      0.23231   -0.0033148   -0.0022803   -0.0010344       15.957        10.38       1.5372       970.26      -532.93        19223       970.26      -532.93        19223            0            0            0       29.941      0.72825           30        3.586      -5276.5      -8379.1       75.288      0.95268     -0.24689   7.5085e-05            0       2100.4     0.064751       1.0808      0.40314            0            0            0            0            0            0            0            0            0          294         0.58            1  
          7            0            0      0.47643     0.031899    0.0051996     0.026699    -0.013543     -0.99304     -0.02476     -0.96828      0.26233   -0.0046325   -0.0023126   -0.0023199       14.936       10.309       1.4488       1212.8      -615.22        21642       1212.8      -615.22        21642            0            0            0       29.933      0.73326           30       3.8305      -5958.4      -9473.1       105.22      0.94999     -0.24697   -0.0025639            0       2114.8     0.080918        1.096       0.4526            0            0            0            0            0            0            0            0            0          294         0.58            1  
          8            0            0      0.52947     0.038074    0.0053304     0.032744    -0.015574      -1.1111    -0.025383      -1.0858      0.29271   -0.0061901   -0.0023991    -0.003791       13.906       10.119       1.3743       1487.4      -707.47        24052       1487.4      -707.47        24052            0            0            0       29.923      0.74704           30        4.113      -6648.2       -10600        140.6      0.94777     -0.24704   -0.0049709            0       2154.6     0.099203       1.1037      0.50181            0            0            0            0            0            0            0            0            0          294         0.58            1  
          9            0            0      0.58227     0.045045    0.0055625     0.039483    -0.017823      -1.2326    -0.026488      -1.2061      0.32343    -0.007991    -0.002546   -0.0054449       12.926       9.8637       1.3105       1793.5      -809.64        26450       1793.5      -809.64        26450            0            0            0       29.911      0.76637           30       4.4237      -7345.9       -11758        181.5      0.94587      -0.2471   -0.0072076            0       2210.3      0.11957        1.107      0.55076            0            0            0            0            0            0            0            0            0          294         0.58            1  
         10            0            0      0.63483     0.052819    0.0058989      0.04692    -0.020288      -1.3575     -0.02809      -1.3294      0.35449     -0.01004    -0.002753   -0.0072869       12.019       9.5762       1.2551       2131.4      -921.62        28838       2131.4      -921.62        28838            0            0            0       29.897      0.78938           30       4.7562      -8051.4       -12949       228.04      0.94422     -0.24717   -0.0093157            0       2276.7      0.14203       1.1073      0.59942            0            0            0            0            0            0            0            0            0          294         0.58            1  
         11            0            0      0.68708     0.061332      0.00629     0.055042    -0.022967      -1.4853    -0.029952      -1.4554      0.38585    -0.012297   -0.0029858   -0.0093112       11.203       9.2859       1.2064       2500.3      -1043.3        31211       2500.3      -1043.3        31211            0            0            0       29.881      0.81405           30        5.101      -8763.8       -14169        279.3      0.94275     -0.24724    -0.011322            0       2347.8      0.16653       1.1057      0.64775            0            0            0            0            0            0            0            0            0          294         0.58            1  
         12            0            0      0.73903     0.070538    0.0066953     0.063843    -0.025859       -1.616    -0.031882      -1.5841      0.41753     -0.01474   -0.0032211    -0.011519       10.477       9.0068       1.1632       2900.1      -1174.7        33571       2900.1      -1174.7        33571            0            0            0       29.864      0.83928           30       5.4522      -9483.3       -15416       334.78      0.94141     -0.24732    -0.013248            0       2420.6      0.19305       1.1029      0.69573            0            0            0            0            0            0            0            0            0          294         0.58            1  
         13            0            0      0.79062     0.080438    0.0071215     0.073316    -0.028958      -1.7493    -0.033912      -1.7154      0.44948    -0.017372   -0.0034633    -0.013908       9.8289       8.7396       1.1246       3330.4      -1315.5        35914       3330.4      -1315.5        35914            0            0            0       29.846      0.86495           30       5.8093       -10209       -16687       394.56      0.94016      -0.2474    -0.015105            0       2494.6      0.22155       1.0991      0.74331            0            0            0            0            0            0            0            0            0          294         0.58            1  
         14            0            0      0.84185        0.091    0.0075524     0.083448    -0.032266      -1.8852    -0.035964      -1.8492      0.48171    -0.020181   -0.0037032    -0.016477        9.251        8.488       1.0899       3790.7      -1465.7        38242       3790.7      -1465.7        38242            0            0            0       29.826      0.89058           30       6.1695       -10941       -17984       458.36      0.93899     -0.24748    -0.016906            0       2568.6      0.25201       1.0948      0.79049            0            0            0            0            0            0            0            0            0          294         0.58            1  
         15            0            0      0.89263      0.10221    0.0079863     0.094225    -0.035777      -2.0234     -0.03803      -1.9854      0.51417    -0.023164   -0.0039417    -0.019223       8.7332        8.251       1.0584       4280.3      -1625.2        40549       4280.3      -1625.2        40549            0            0            0       29.805      0.91616           30       6.5323       -11678       -19302       526.13      0.93788     -0.24756    -0.018657            0       2642.3      0.28435       1.0901      0.83718            0            0            0            0            0            0            0            0            0          294         0.58            1  
         16            0            0      0.94299      0.11406    0.0084199      0.10564     -0.03949      -2.1639    -0.040095      -2.1238      0.54686     -0.02632   -0.0041797    -0.022141       8.2677       8.0285       1.0298       4798.7      -1793.8        42836       4798.7      -1793.8        42836            0            0            0       29.783      0.94155           30       6.8966       -12421       -20643       597.81      0.93681     -0.24765    -0.020365            0       2715.6      0.31855       1.0852       0.8834            0            0            0            0            0            0            0            0            0          294         0.58            1  
         17            0            0       0.9929      0.12654    0.0088667      0.11768    -0.043401      -2.3067    -0.042222      -2.2645      0.57979    -0.029656   -0.0044226    -0.025234       7.8463       7.8184       1.0036       5345.6      -1971.5        45103       5345.6      -1971.5        45103            0            0            0       29.759      0.96686           30       7.2631       -13169       -22005       673.58      0.93577     -0.24774    -0.022034            0       2788.5      0.35458         1.08      0.92913            0            0            0            0            0            0            0            0            0          294         0.58            1  
         18            0            0       1.0423      0.13965    0.0093297      0.13032    -0.047507      -2.4516    -0.044427      -2.4072      0.61289    -0.033167   -0.0046727    -0.028494       7.4634       7.6197       0.9795       5920.1        -2158        47347       5920.1        -2158        47347            0            0            0       29.734      0.99207           30       7.6314       -13920       -23387       753.31      0.93475     -0.24784    -0.023668            0       2861.3      0.39236       1.0746       0.9743            0            0            0            0            0            0            0            0            0          294         0.58            1  
         19            0            0       1.0912      0.15337    0.0098038      0.14357    -0.051804      -2.5986    -0.046685      -2.5519      0.64617    -0.036854   -0.0049298    -0.031924       7.1145       7.4318      0.95731       6521.8      -2353.2        49568       6521.8      -2353.2        49568            0            0            0       29.708       1.0171           30        8.001       -14676       -24789       837.06      0.93375     -0.24794    -0.025269            0       2933.6      0.43185       1.0691       1.0189            0            0            0            0            0            0            0            0            0          294         0.58            1  
         20            0            0       1.1395      0.16769     0.010289       0.1574    -0.056288      -2.7474    -0.048993      -2.6984       0.6796     -0.04071   -0.0051921    -0.035518       6.7955       7.2541      0.93678       7149.9      -2556.9        51763       7149.9      -2556.9        51763            0            0            0        29.68       1.0421           30       8.3713       -15436       -26209       924.64      0.93276     -0.24804    -0.026838            0       3005.5        0.473       1.0635       1.0629            0            0            0            0            0            0            0            0            0          294         0.58            1  
         21            0            0       1.1873      0.18259     0.010799      0.17179    -0.060957      -2.8981    -0.051426      -2.8466      0.71317    -0.044744   -0.0054749    -0.039269       6.5026       7.0854      0.91775       7803.6        -2769        53933       7803.6        -2769        53933            0            0            0       29.651       1.0669           30       8.7427       -16198       -27646       1016.3      0.93176     -0.24815    -0.028379            0         3077      0.51574       1.0578       1.1063            0            0            0            0            0            0            0            0            0          294         0.58            1  
         22            0            0       1.2344      0.19804     0.011315      0.18673    -0.065805      -3.0503    -0.053883      -2.9965      0.74686    -0.048934   -0.0057553    -0.043179       6.2332       6.9254      0.90005       8482.3      -2989.2        56076       8482.3      -2989.2        56076            0            0            0       29.621       1.0915           30       9.1144       -16963       -29098       1111.4      0.93077     -0.24826    -0.029892            0       3148.1      0.56002       1.0521        1.149            0            0            0            0            0            0            0            0            0          294         0.58            1  
         23            0            0        1.281      0.21408     0.011874      0.20221    -0.070832      -3.2044    -0.056541      -3.1479      0.78069    -0.053314   -0.0060682    -0.047246       5.9839       6.7727      0.88353       9185.4      -3217.6        58192       9185.4      -3217.6        58192            0            0            0        29.59       1.1161           30       9.4874       -17732       -30568       1210.9      0.92978     -0.24838    -0.031378            0       3219.1       0.6058       1.0462       1.1911            0            0            0            0            0            0            0            0            0          294         0.58            1  
         24            0            0       1.3269      0.23064      0.01246      0.21818    -0.076029      -3.3598    -0.059331      -3.3005      0.81455    -0.057848   -0.0063955    -0.051453       5.7531       6.6271      0.86812       9911.2      -3453.7        60276       9911.2      -3453.7        60276            0            0            0       29.557       1.1407           30       9.8606       -18501       -32050       1313.9      0.92878      -0.2485    -0.032836            0       3289.8      0.65295       1.0403       1.2324            0            0            0            0            0            0            0            0            0          294         0.58            1  
         25            0            0       1.3722      0.24773     0.013069      0.23466    -0.081394      -3.5166    -0.062235      -3.4543       0.8485    -0.062543   -0.0067337    -0.055809       5.5389       6.4882      0.85369        10660      -3697.4        62331        10660      -3697.4        62331            0            0            0       29.523       1.1651           30       10.234       -19272       -33546       1420.5      0.92777     -0.24863    -0.034269            0       3360.2      0.70145       1.0344        1.273            0            0            0            0            0            0            0            0            0          294         0.58            1  
         26            0            0       1.4167      0.26534     0.013724      0.25161    -0.086923      -3.6747    -0.065352      -3.6093      0.88249    -0.067411   -0.0071079    -0.060303       5.3392       6.3551      0.84016        11430      -3948.5        64355        11430      -3948.5        64355            0            0            0       29.487       1.1895           30       10.608       -20044       -35054       1531.1      0.92675     -0.24876    -0.035676            0       3430.6      0.75122       1.0283       1.3129            0            0            0            0            0            0            0            0            0          294         0.58            1  
         27            0            0       1.4606      0.28351     0.014477      0.26903    -0.092611      -3.8343     -0.06894      -3.7654      0.91654    -0.072484   -0.0075436    -0.064941       5.1518       6.2262      0.82744        12221      -4206.9        66348        12221      -4206.9        66348            0            0            0        29.45       1.2141           30       10.985       -20817       -36577       1646.3      0.92572     -0.24889    -0.037058            0       3501.7      0.80222       1.0222       1.3521            0            0            0            0            0            0            0            0            0          294         0.58            1  
         28            0            0       1.5037      0.30223     0.015352      0.28688    -0.098452      -3.9952    -0.073105      -3.9221      0.95057    -0.077755   -0.0080524    -0.069702       4.9754       6.1011      0.81549        13032      -4472.3        68307        13032      -4472.3        68307            0            0            0       29.412        1.239           30       11.364       -21590       -38112         1766      0.92468     -0.24903    -0.038413            0       3573.4       0.8543       1.0161       1.3904            0            0            0            0            0            0            0            0            0          294         0.58            1  
         29            0            0       1.5461       0.3215     0.016362      0.30514     -0.10444      -4.1576    -0.077913      -4.0796       0.9846    -0.083244   -0.0086509    -0.074593        4.809       5.9796      0.80424        13861      -4744.4        70232        13861      -4744.4        70232            0            0            0       29.372       1.2642           30       11.747       -22363       -39661       1890.7      0.92362     -0.24918    -0.039742            0       3646.1      0.90744       1.0099        1.428            0            0            0            0            0            0            0            0            0          294         0.58            1  
         30            0            0       1.5877      0.34123      0.01746      0.32377     -0.11058      -4.3207    -0.083141      -4.2375       1.0186    -0.088904   -0.0093109    -0.079593       4.6527       5.8625      0.79364        14707        -5023        72120        14707        -5023        72120            0            0            0        29.33       1.2894           30        12.13       -23135       -41217       2019.3      0.92255     -0.24932    -0.041045            0       3718.8      0.96149       1.0036       1.4647            0            0            0            0            0            0            0            0            0          294         0.58            1  
