LongerDesign-lesstriangles2-front
25m/s T6/1-Quads-ThickSurf-ForceSum-FRONT_LEFT_(0.00,1.00)


 Ctrl        Alpha        Beta         CL           CD           CD_viscous   CD_induced   CY           Cm           Cm_viscous   Cm_pressure  Cl           Cn           Cn_viscous   Cn_pressure  CL/CD        CL^(3/2)/CD  1/sqrt(CL)   Fx_FF_(N)    Fy_FF_(N)    Fz_FF_(N)    Fx_sum_(N)   Fy_sum_(N)   Fz_sum_(N)   Extra_drag_(N)  Fuse_drag_(N)  Cf_Fuse      Vx_(m/s)     Vz_(m/s)     V_(m/s)      Gamma        L_(N.m)      M_(N.m)      N_(N.m)      CPx_(m)      CPy_(m)      CPz_(m)      BM_(N.m)     m.g.Vz_(W)   Fx.Vx_(W)    Efficiency   XCp.Cl       XNP_(m)      Phugoid_Freq._(Hz)  Phugoid_Damping  Short_Period_Freq._(Hz)  Short_Period_Damping_Ratio  Dutch_Roll_Freq._(Hz)  Dutch_Roll_Damping  Roll_Damping  Spiral_Damping  Mass_(kg)    CoG_x_(m)    CoG_z_(m)    
        -30            0            0      -1.6329      0.37564       0.1062      0.26944    -0.048215      -8.1811     -0.69871      -7.4824     -0.71876     -0.24238    -0.059921     -0.18246       -4.347      -5.5549           -1         6296      -1126.6       -38157         6296      -1126.6       -38157            0            0            0       24.364      -1.5811           25      -12.955       8397.7       -29058       2831.9     0.040177     -0.24936     0.021412            0      -4560.2      0.49234      0.94503    -0.065606            0            0            0            0            0            0            0            0            0          294         0.58            1  
        -29            0            0      -1.5813      0.33612     0.083707      0.25241    -0.045299      -7.7417      -0.5507       -7.191     -0.69839     -0.21824    -0.047351     -0.17089      -4.7045      -5.9158           -1       5898.2      -1058.5       -36950       5898.2      -1058.5       -36950            0            0            0       24.454      -1.4847           25          -12       8159.7       -27497       2549.9      0.04059     -0.24924     0.020716            0        -4282      0.46294      0.94596    -0.064185            0            0            0            0            0            0            0            0            0          294         0.58            1  
        -28            0            0       -1.529      0.30235     0.066527      0.23582    -0.042466      -7.3378     -0.43768      -6.9002     -0.67756     -0.19714    -0.037484     -0.15965      -5.0569       -6.253           -1       5510.5      -992.31       -35728       5510.5      -992.31       -35728            0            0            0       24.525      -1.4046           25      -11.186       7916.3       -26063       2303.3     0.040976     -0.24913         0.02            0      -4051.1      0.43377      0.94663    -0.062651            0            0            0            0            0            0            0            0            0          294         0.58            1  
        -27            0            0       -1.476      0.26995     0.050273      0.21968    -0.039717      -6.9408     -0.33074        -6.61     -0.65626     -0.17675    -0.028008     -0.14874      -5.4676      -6.6426           -1       5133.4      -928.09       -34490       5133.4      -928.09       -34490            0            0            0       24.592      -1.3222           25      -10.365       7667.5       -24652       2065.1     0.041333     -0.24902     0.019264            0      -3813.5      0.40518        0.947    -0.061007            0            0            0            0            0            0            0            0            0          294         0.58            1  
        -26            0            0      -1.4224      0.23836      0.03435      0.20401    -0.037056      -6.5467     -0.22599      -6.3208     -0.63452     -0.15679    -0.018621     -0.13817      -5.9675      -7.1171           -1         4767       -865.9       -33237         4767       -865.9       -33237            0            0            0       24.656      -1.2341           25      -9.5129       7413.4       -23253       1831.9     0.041658     -0.24891     0.018506            0      -3559.3      0.37725      0.94704    -0.059254            0            0            0            0            0            0            0            0            0          294         0.58            1  
        -25            0            0      -1.3682      0.21424     0.025433      0.18881    -0.034484      -6.1999     -0.16733      -6.0325     -0.61232     -0.14134    -0.013385     -0.12795       -6.386      -7.4696           -1         4412       -805.8       -31970         4412       -805.8       -31970            0            0            0       24.699      -1.1758           25      -8.8998       7154.1       -22021       1651.3      0.04195     -0.24881     0.017727            0      -3391.3      0.34976      0.94671    -0.057394            0            0            0            0            0            0            0            0            0          294         0.58            1  
        -24            0            0      -1.3133      0.19566     0.021547      0.17411    -0.032003      -5.8873     -0.14175      -5.7455     -0.58968     -0.12924    -0.011156     -0.11809      -6.7123      -7.6923           -1       4068.5      -747.82       -30689       4068.5      -747.82       -30689            0            0            0       24.727      -1.1418           25      -8.4736       6889.6       -20911         1510     0.042205     -0.24871     0.016925            0      -3293.1       0.3229      0.94599    -0.055429            0            0            0            0            0            0            0            0            0          294         0.58            1  
        -23            0            0      -1.2579      0.17939     0.019466      0.15993    -0.029615       -5.588     -0.12806      -5.4599     -0.56659     -0.11858   -0.0099916     -0.10859       -7.012      -7.8644           -1         3737      -692.03       -29394         3737      -692.03       -29394            0            0            0        24.75      -1.1168           25      -8.1164       6619.9       -19847       1385.5     0.042422     -0.24862     0.016101            0        -3221      0.29686       0.9448    -0.053363            0            0            0            0            0            0            0            0            0          294         0.58            1  
        -22            0            0      -1.2019      0.16434     0.018067      0.14627    -0.027323      -5.2947     -0.11886      -5.1758     -0.54308     -0.10869   -0.0092239    -0.099468      -7.3137      -8.0181           -1       3417.9      -638.46       -28085       3417.9      -638.46       -28085            0            0            0        24.77      -1.0954           25      -7.7858       6345.1       -18806       1269.9     0.042596     -0.24853     0.015253            0      -3159.3      0.27173      0.94311    -0.051197            0            0            0            0            0            0            0            0            0          294         0.58            1  
        -21            0            0      -1.1454      0.14999     0.016834      0.13316    -0.025127      -5.0042     -0.11075      -4.8934     -0.51913    -0.099283   -0.0085567    -0.090726      -7.6364      -8.1726           -1       3111.5      -587.16       -26764       3111.5      -587.16       -26764            0            0            0       24.788      -1.0747           25      -7.4606       6065.3       -17774         1160     0.042723     -0.24844     0.014381            0      -3099.6      0.24755      0.94083    -0.048935            0            0            0            0            0            0            0            0            0          294         0.58            1  
        -20            0            0      -1.0883      0.13635     0.015747       0.1206    -0.023031      -4.7165      -0.1036      -4.6129     -0.49475    -0.090341   -0.0079688    -0.082372       -7.982      -8.3271           -1       2818.1      -538.16       -25431       2818.1      -538.16       -25431            0            0            0       24.806      -1.0548           25      -7.1409       5780.5       -16752       1055.5     0.042799     -0.24836     0.013481            0      -3042.1      0.22437      0.93787    -0.046579            0            0            0            0            0            0            0            0            0          294         0.58            1  
        -19            0            0      -1.0308      0.12337     0.014752      0.10861    -0.021034      -4.4315    -0.097051      -4.3345     -0.46996    -0.081856   -0.0074436    -0.074413      -8.3554      -8.4829           -1         2538      -491.51       -24086         2538      -491.51       -24086            0            0            0       24.823      -1.0354           25      -6.8249       5490.9       -15740       956.38     0.042816     -0.24829     0.012552            0      -2986.2      0.20221      0.93413    -0.044134            0            0            0            0            0            0            0            0            0          294         0.58            1  
        -18            0            0     -0.97273      0.11104     0.013831     0.097213     -0.01914      -4.1492    -0.090996      -4.0582     -0.44476    -0.073808    -0.006952    -0.066856      -8.7598      -8.6395           -1       2271.6      -447.24       -22730       2271.6      -447.24       -22730            0            0            0       24.839      -1.0166           25      -6.5126       5196.4       -14737       862.34     0.042768     -0.24822     0.011592            0        -2932       0.1811      0.92946    -0.041602            0            0            0            0            0            0            0            0            0          294         0.58            1  
        -17            0            0     -0.91423     0.099233     0.012824      0.08641    -0.017349      -3.8686    -0.084367      -3.7843     -0.41916    -0.066122   -0.0064151    -0.059707       -9.213       -8.809           -1       2019.1       -405.4       -21363       2019.1       -405.4       -21363            0            0            0       24.854     -0.99705           25      -6.1948       4897.3       -13741       772.54     0.042645     -0.24815     0.010596            0      -2875.6      0.16107      0.92368    -0.038987            0            0            0            0            0            0            0            0            0          294         0.58            1  
        -16            0            0      -0.8553     0.088148     0.011932     0.076216    -0.015663      -3.5914    -0.078498      -3.5129     -0.39315    -0.058911   -0.0059382    -0.052973      -9.7031      -8.9736           -1       1780.9      -366.01       -19986       1780.9      -366.01       -19986            0            0            0       24.868     -0.97876           25      -5.8841       4593.5       -12756        688.3     0.042434     -0.24809    0.0095597            0      -2822.9      0.14215      0.91657    -0.036293            0            0            0            0            0            0            0            0            0          294         0.58            1  
        -15            0            0     -0.79596     0.077847     0.011204     0.066644    -0.014084      -3.3179     -0.07371      -3.2442     -0.36676    -0.052213   -0.0055538     -0.04666      -10.225       -9.122           -1       1557.3      -329.11       -18599       1557.3      -329.11       -18599            0            0            0       24.881     -0.96284           25       -5.586       4285.1       -11784       610.04     0.042119     -0.24803    0.0084759            0        -2777      0.12436      0.90781    -0.033525            0            0            0            0            0            0            0            0            0          294         0.58            1  
        -14            0            0     -0.73623     0.068195     0.010491     0.057704    -0.012613      -3.0473    -0.069017      -2.9783     -0.33999    -0.045946   -0.0051734    -0.040772      -10.796      -9.2634           -1       1348.4      -294.72       -17204       1348.4      -294.72       -17204            0            0            0       24.893     -0.94815           25       -5.292       3972.3       -10823       536.81     0.041679     -0.24799    0.0073359            0      -2734.6      0.10773        0.897    -0.030685            0            0            0            0            0            0            0            0            0          294         0.58            1  
        -13            0            0     -0.67614     0.059233    0.0098251     0.049408     -0.01125        -2.78    -0.064639      -2.7154     -0.31284    -0.040134   -0.0048174    -0.035316      -11.415      -9.3862           -1       1154.5      -262.88       -15799       1154.5      -262.88       -15799            0            0            0       24.905     -0.93574           25      -5.0066       3655.1      -9874.2        468.9     0.041086     -0.24795    0.0061269            0      -2698.8     0.092287      0.88358     -0.02778            0            0            0            0            0            0            0            0            0          294         0.58            1  
        -12            0            0     -0.61571     0.051048     0.009282     0.041766   -0.0099975      -2.5167    -0.061066      -2.4557     -0.28533    -0.034827    -0.004531    -0.030296      -12.061      -9.4643           -1       975.95      -233.61       -14387       975.95      -233.61       -14387            0            0            0       24.915     -0.92802           25      -4.7395       3333.7        -8939       406.91     0.040298     -0.24791    0.0048312            0      -2676.5     0.078043      0.86677    -0.024812            0            0            0            0            0            0            0            0            0          294         0.58            1  
        -11            0            0     -0.55497     0.043543     0.008757     0.034786    -0.008856      -2.2568    -0.057612      -2.1992     -0.25747    -0.029971   -0.0042532    -0.025718      -12.745      -9.4947           -1       812.86      -206.94       -12968       812.86      -206.94       -12968            0            0            0       24.923     -0.92504           25      -4.4863       3008.1      -8015.8       350.17     0.039257     -0.24789    0.0034228            0        -2668     0.065025      0.84548    -0.021787            0            0            0            0            0            0            0            0            0          294         0.58            1  
        -10            0            0     -0.49395     0.036788    0.0083098     0.028479   -0.0078266      -2.0009     -0.05467      -1.9462     -0.22925    -0.025603   -0.0040183    -0.021584      -13.427      -9.4364           -1       665.47      -182.88       -11542       665.47      -182.88       -11542            0            0            0       24.931     -0.93076           25      -4.2595       2678.5      -7106.7       299.13     0.037876     -0.24788    0.0018623            0      -2684.4      0.05325      0.81811    -0.018709            0            0            0            0            0            0            0            0            0          294         0.58            1  
         -9            0            0     -0.43266      0.03077    0.0079188     0.022851     -0.00691      -1.7489    -0.052097      -1.6968      -0.2007    -0.021716   -0.0038157      -0.0179      -14.061      -9.2491           -1       533.96      -161.47       -10110       533.96      -161.47       -10110            0            0            0       24.937     -0.94961           25      -4.0679       2344.9      -6211.6       253.72     0.036017     -0.24788    8.763e-05            0      -2738.8     0.042737      0.78229    -0.015583            0            0            0            0            0            0            0            0            0          294         0.58            1  
         -8            0            0     -0.37114     0.025457    0.0075472      0.01791   -0.0061072      -1.5007    -0.049653       -1.451     -0.17183     -0.01829   -0.0036208    -0.014669      -14.579      -8.8818           -1       418.51      -142.71      -8672.6       418.51      -142.71      -8672.6            0            0            0       24.941     -0.98889           25      -3.9239       2007.5      -5330.2       213.69      0.03345      -0.2479   -0.0020053            0      -2852.1     0.033503      0.73444    -0.012415            0            0            0            0            0            0            0            0            0          294         0.58            1  
         -7            0            0     -0.30942      0.02089    0.0072261     0.013663   -0.0054186      -1.2567     -0.04754      -1.2092     -0.14263    -0.015347   -0.0034533    -0.011894      -14.812      -8.2393           -1       319.28      -126.62      -7230.3       319.28      -126.62      -7230.3            0            0            0       24.943       -1.066           25      -3.8623       1666.5      -4463.6       179.31     0.029761     -0.24796   -0.0046045            0      -3074.5     0.025561      0.66912   -0.0092086            0            0            0            0            0            0            0            0            0          294         0.58            1  
         -6            0            0     -0.24752     0.017057    0.0069397     0.010117    -0.004845       -1.017    -0.045656     -0.97131     -0.11313    -0.012883   -0.0033045    -0.009578      -14.511      -7.2196           -1        236.4      -113.21      -5783.8        236.4      -113.21      -5783.8            0            0            0       24.941      -1.2166           25      -3.9421       1321.8      -3612.1       150.51     0.024118     -0.24805   -0.0080878            0      -3508.7     0.018924      0.57827   -0.0059697            0            0            0            0            0            0            0            0            0          294         0.58            1  
         -5            0            0     -0.18546     0.013957    0.0066808    0.0072758   -0.0043869     -0.78151    -0.043953     -0.73756    -0.083335    -0.010895   -0.0031708    -0.007724      -13.289      -5.7228           -1       170.02      -102.51      -4333.7       170.02      -102.51      -4333.7            0            0            0        24.93      -1.5348           25      -4.3036       973.66      -2775.8       127.29     0.014577     -0.24824    -0.013341            0      -4426.5     0.013604      0.45144   -0.0027035            0            0            0            0            0            0            0            0            0          294         0.58            1  
         -4            0            0     -0.12329     0.011594    0.0064493    0.0051447   -0.0040445     -0.55048     -0.04243     -0.50805    -0.053254   -0.0093841   -0.0030501    -0.006334      -10.634      -3.7337           -1       120.22      -94.509      -2880.8       120.22      -94.509      -2880.8            0            0            0        24.89      -2.3524           25      -5.3724        622.2      -1955.2       109.64   -0.0047441     -0.24865    -0.023041            0      -6784.6     0.009604      0.28212   0.00058488            0            0            0            0            0            0            0            0            0          294         0.58            1  
         -3            0            0    -0.061013    0.0099731    0.0062456    0.0037275   -0.0038183       -0.324     -0.04109     -0.28291    -0.022899    -0.008355    -0.002945     -0.00541      -6.1177      -1.5111           -1       87.101      -89.224      -1425.7       87.101      -89.224      -1425.7            0            0            0       24.673      -5.8122           25      -9.2834       267.54      -1150.8       97.616    -0.063757     -0.24994    -0.050811            0       -16763    0.0068975     0.095367      0.00389            0            0            0            0            0            0            0            0            0          294         0.58            1  
         -2            0            0    0.0013273    0.0090967    0.0060693    0.0030274   -0.0037085     -0.10219    -0.039929     -0.06226    0.0077193   -0.0078083   -0.0028549   -0.0049534      0.14591    0.0053156       27.449       70.741      -86.658       31.014       70.741      -86.658       31.014            0            0            0       3.6094       1652.3           25       81.699      -90.189      -362.96       91.229       5.4296     -0.12909       2.4501            0   4.7655e+06   0.00081953   5.5567e-05    0.0072065            0            0            0            0            0            0            0            0            0          294         0.58            1  
         -1            0            0     0.063707    0.0089666    0.0059199    0.0030467   -0.0037152      0.11485    -0.038947       0.1538     0.038588   -0.0077442   -0.0027788   -0.0049654       7.1049       1.7933       3.9619       71.192      -86.814       1488.6       71.192      -86.814       1488.6            0            0            0       24.756       4.8977           25       8.0116      -450.85       407.92        90.48      0.16527     -0.24489     0.051727            0        14126    0.0056567      0.12721     0.010529            0            0            0            0            0            0            0            0            0          294         0.58            1  
          0            0            0       0.1261     0.009575     0.005788     0.003787   -0.0038384      0.32707    -0.038079      0.36515     0.069695   -0.0081577   -0.0027109   -0.0054469       13.169       4.6765       2.8161       88.493      -89.693       2946.5       88.493      -89.693       2946.5            0            0            0       24.928       1.8781           25       4.3423      -814.29       1161.7       95.312      0.10985     -0.24611     0.025619            0       5416.8    0.0070803      0.40094     0.013852            0            0            0            0            0            0            0            0            0          294         0.58            1  
          1            0            0      0.18847     0.010876    0.0056262    0.0052494   -0.0040781      0.53468    -0.037015      0.57169      0.10103   -0.0090224   -0.0026243   -0.0063981        17.33       7.5234       2.3034       122.66      -95.294         4404       122.66      -95.294         4404            0            0            0       24.958       1.1674           25       3.3026      -1180.4       1899.1       105.41       0.0911     -0.24652      0.01622            0         3367    0.0098262      0.64617      0.01717            0            0            0            0            0            0            0            0            0          294         0.58            1  
          2            0            0       0.2508     0.012889     0.005455    0.0074338   -0.0044341      0.73744    -0.035888      0.77333      0.13258    -0.010355   -0.0025357   -0.0078192       19.459       9.7448       1.9968       173.71      -103.61       5860.4       173.71      -103.61       5860.4            0            0            0       24.967       0.9013           25       2.9419        -1549       2619.2       120.98     0.081647     -0.24674     0.011065            0       2599.5      0.01392      0.80799     0.020477            0            0            0            0            0            0            0            0            0          294         0.58            1  
          3            0            0      0.31305      0.01567    0.0053306      0.01034   -0.0049062      0.93489     -0.03507      0.96996      0.16433    -0.012187   -0.0024769   -0.0097098       19.977       11.178       1.7873       241.61      -114.64       7315.1       241.61      -114.64       7315.1            0            0            0       24.969      0.78577           25       2.8656        -1920       3320.6       142.38     0.075925     -0.24688    0.0076197            0       2266.3     0.019362       0.9051     0.023768            0            0            0            0            0            0            0            0            0          294         0.58            1  
          4            0            0       0.3752     0.019215    0.0052491     0.013965    -0.005494        1.127    -0.034533       1.1615      0.19627    -0.014509     -0.00244    -0.012069       19.527       11.961       1.6326       326.33      -128.38       8767.4       326.33      -128.38       8767.4            0            0            0       24.967      0.73431           25       2.9316      -2293.1       4002.8       169.52     0.072064     -0.24698    0.0050329            0       2117.9     0.026151       0.9626     0.027038            0            0            0            0            0            0            0            0            0          294         0.58            1  
          5            0            0      0.43722     0.023546    0.0052366     0.018309   -0.0061971       1.3134    -0.034451       1.3479      0.22838    -0.017339   -0.0024425    -0.014896       18.569       12.278       1.5123       427.83      -144.81        10217       427.83      -144.81        10217            0            0            0       24.964      0.71533           25       3.0826      -2668.4         4665       202.58      0.06926     -0.24706    0.0029391            0       2063.1      0.03428      0.99702     0.030282            0            0            0            0            0            0            0            0            0          294         0.58            1  
          6            0            0      0.49908      0.02872     0.005352     0.023368    -0.007015       1.4938     -0.03521        1.529      0.26066    -0.020706   -0.0025164     -0.01819       17.378       12.277       1.4155       546.03      -163.92        11662       546.03      -163.92        11662            0            0            0       24.959      0.71543           25       3.2935      -3045.5       5305.6       241.92     0.067109     -0.24713    0.0011552            0       2063.4     0.043742       1.0179     0.033493            0            0            0            0            0            0            0            0            0          294         0.58            1  
          7            0            0      0.56075     0.034737    0.0056002     0.029137   -0.0079471       1.6679    -0.036843       1.7048      0.29309    -0.024609   -0.0026615    -0.021948       16.143       12.088       1.3354       680.85       -185.7        13103       680.85       -185.7        13103            0            0            0       24.952      0.72659           25       3.5448      -3424.4       5924.2       287.52     0.065388      -0.2472  -0.00042048            0       2095.6     0.054528       1.0305     0.036666            0            0            0            0            0            0            0            0            0          294         0.58            1  
          8            0            0      0.62221     0.041601    0.0059874     0.035614   -0.0089926       1.8358    -0.039391       1.8752      0.32566    -0.029047   -0.0028796    -0.026168       14.957       11.798       1.2677       832.19      -210.13        14539       832.19      -210.13        14539            0            0            0       24.944      0.74447           25       3.8251      -3804.9       6520.4       339.38     0.063961     -0.24727   -0.0018487            0       2147.2     0.066627       1.0381     0.039797            0            0            0            0            0            0            0            0            0          294         0.58            1  
          9            0            0      0.68342      0.04926    0.0064681     0.042791    -0.010151       1.9976    -0.042553       2.0401      0.35835    -0.033988   -0.0031401    -0.030848       13.874       11.469       1.2096       999.92       -237.2        15970       999.92       -237.2        15970            0            0            0       24.935      0.76578           25       4.1226      -4186.8         7095        397.1     0.062743     -0.24733   -0.0031682            0       2208.6     0.080026       1.0423      0.04288            0            0            0            0            0            0            0            0            0          294         0.58            1  
         10            0            0      0.74436     0.057686     0.007021     0.050665    -0.011421       2.1534     -0.04619       2.1996      0.39114    -0.039418   -0.0034345    -0.035984       12.904       11.133       1.1591       1183.9      -266.87        17394       1183.9      -266.87        17394            0            0            0       24.925      0.78893           25       4.4314        -4570       7648.4       460.55     0.061677      -0.2474   -0.0044043            0       2275.4     0.094712       1.0443      0.04591            0            0            0            0            0            0            0            0            0          294         0.58            1  
         11            0            0        0.805     0.066839    0.0076123     0.059227    -0.012802       2.3034    -0.050081       2.3535      0.42404     -0.04532   -0.0037468    -0.041574       12.044       10.806       1.1146         1384      -299.14        18811         1384      -299.14        18811            0            0            0       24.914       0.8128           25       4.7464      -4954.3       8181.2        529.5     0.060722     -0.24746   -0.0055746            0       2344.2      0.11067       1.0448     0.048881            0            0            0            0            0            0            0            0            0          294         0.58            1  
         12            0            0      0.86532     0.076692     0.008221     0.068471    -0.014292       2.4476    -0.054086       2.5017      0.45701    -0.051679   -0.0040665    -0.047613       11.283       10.496        1.075         1600      -333.97        20220         1600      -333.97        20220            0            0            0       24.902      0.83682           25       5.0648      -5339.5       8693.6        603.8     0.059851     -0.24753   -0.0066915            0       2413.5      0.12788       1.0443      0.05179            0            0            0            0            0            0            0            0            0          294         0.58            1  
         13            0            0      0.92528     0.087219    0.0088318     0.078387    -0.015891       2.5863    -0.058104       2.6444      0.49005    -0.058481   -0.0043832    -0.054098       10.609       10.205       1.0396       1831.7      -371.34        21621       1831.7      -371.34        21621            0            0            0        24.89      0.86069           25       5.3849      -5725.6       9185.9       683.27     0.059043      -0.2476    -0.007764            0       2482.4      0.14633        1.043     0.054631            0            0            0            0            0            0            0            0            0          294         0.58            1  
         14            0            0      0.98486     0.098415    0.0094465     0.088969    -0.017598       2.7192    -0.062148       2.7813      0.52315    -0.065725   -0.0047011    -0.061024       10.007       9.9312       1.0077       2078.9      -411.21        23013       2078.9      -411.21        23013            0            0            0       24.876      0.88439           25       5.7065      -6112.3         9658        767.9     0.058282     -0.24768   -0.0087984            0       2550.7      0.16599       1.0411       0.0574            0            0            0            0            0            0            0            0            0          294         0.58            1  
         15            0            0        1.044      0.11028     0.010072       0.1002     -0.01941       2.8463    -0.066266       2.9126      0.55628    -0.073411    -0.005025    -0.068386       9.4674       9.6737      0.97868       2341.5      -453.57        24396       2341.5      -453.57        24396            0            0            0       24.862      0.90793           25       6.0295      -6499.4        10110       857.71     0.057557     -0.24775   -0.0097998            0       2618.6      0.18684       1.0388     0.060092            0            0            0            0            0            0            0            0            0          294         0.58            1  
         16            0            0       1.1028      0.12282     0.010732      0.11209    -0.021328       2.9675    -0.070608       3.0381      0.58944    -0.081549   -0.0053688     -0.07618       8.9791       9.4292      0.95226       2619.1      -498.37        25769       2619.1      -498.37        25769            0            0            0       24.846      0.93147           25       6.3549      -6886.8        10540       952.78     0.056858     -0.24784    -0.010772            0       2686.5      0.20887       1.0361     0.062702            0            0            0            0            0            0            0            0            0          294         0.58            1  
         17            0            0       1.1611      0.13601     0.011406       0.1246    -0.023348       3.0828    -0.075041       3.1579      0.62262    -0.090119   -0.0057201    -0.084399       8.5369       9.1988      0.92805       2911.5      -545.58        27131       2911.5      -545.58        27131            0            0            0        24.83       0.9548           25       6.6811      -7274.4        10950       1052.9     0.056178     -0.24792    -0.011717            0       2753.8      0.23204       1.0332     0.065228            0            0            0            0            0            0            0            0            0          294         0.58            1  
         18            0            0       1.2189      0.14986      0.01212      0.13774     -0.02547       3.1922    -0.079735       3.2719      0.65578    -0.099129   -0.0060907    -0.093039       8.1337       8.9798      0.90577       3218.5      -595.16        28482       3218.5      -595.16        28482            0            0            0       24.813      0.97808           25       7.0091      -7661.9        11338       1158.2     0.055512     -0.24801    -0.012638            0       2820.9      0.25633         1.03     0.067663            0            0            0            0            0            0            0            0            0          294         0.58            1  
         19            0            0       1.2762      0.16439     0.012905      0.15148    -0.027692       3.2953    -0.084903       3.3802      0.68893      -0.1086   -0.0065057     -0.10209       7.7632         8.77       0.8852       3539.7      -647.08        29821       3539.7      -647.08        29821            0            0            0       24.795       1.0015           25         7.34      -8049.2        11704       1268.8     0.054855      -0.2481    -0.013536            0       2888.4       0.2817       1.0267     0.070005            0            0            0            0            0            0            0            0            0          294         0.58            1  
         20            0            0        1.333      0.17953     0.013703      0.16583    -0.030012       3.3926    -0.090154       3.4827      0.72205     -0.11848   -0.0069253     -0.11155       7.4247       8.5721      0.86615       3874.9      -701.29        31147       3874.9      -701.29        31147            0            0            0       24.776       1.0246           25       7.6708      -8436.1        12050       1384.2     0.054203     -0.24819    -0.014413            0       2955.1      0.30814       1.0232     0.072251            0            0            0            0            0            0            0            0            0          294         0.58            1  
         21            0            0       1.3892      0.19532     0.014565      0.18076    -0.032428       3.4837    -0.095821       3.5795      0.75512      -0.1288   -0.0073869     -0.12141       7.1123       8.3828      0.84844       4223.7      -757.75        32461       4223.7      -757.75        32461            0            0            0       24.756       1.0477           25       8.0034      -8822.5        12373       1504.8     0.053554     -0.24829    -0.015268            0       3021.8      0.33561       1.0195     0.074395            0            0            0            0            0            0            0            0            0          294         0.58            1  
         22            0            0       1.4448      0.21185     0.015602      0.19625    -0.034939       3.5679     -0.10265       3.6705      0.78813     -0.13961   -0.0079435     -0.13167       6.8198       8.1975      0.83194       4585.9      -816.43        33761       4585.9      -816.43        33761            0            0            0       24.735       1.0714           25       8.3419      -9208.2        12672       1631.1     0.052904     -0.24839    -0.016104            0       3090.2      0.36408       1.0157     0.076436            0            0            0            0            0            0            0            0            0          294         0.58            1  
         23            0            0       1.4999      0.22909     0.016781      0.21231    -0.037543       3.6455      -0.1104       3.7559      0.82106     -0.15089   -0.0085844     -0.14231       6.5471       8.0181      0.81654         4961      -877.26        35047         4961      -877.26        35047            0            0            0       24.713       1.0954           25       8.6842        -9593        12948       1762.9     0.052252     -0.24849     -0.01692            0       3159.3      0.39351       1.0118      0.07837            0            0            0            0            0            0            0            0            0          294         0.58            1  
         24            0            0       1.5543        0.247     0.018098       0.2289    -0.040237       3.7164     -0.11906       3.8355      0.85391     -0.16263   -0.0093094     -0.15332       6.2927       7.8451      0.80211       5348.7      -940.22        36319       5348.7      -940.22        36319            0            0            0        24.69       1.1196           25       9.0296      -9976.7        13200       1900.1     0.051596      -0.2486    -0.017717            0         3229      0.42387       1.0078     0.080194            0            0            0            0            0            0            0            0            0          294         0.58            1  
         25            0            0       1.6081      0.26567      0.01965      0.24602    -0.043019       3.7802     -0.12927       3.9095      0.88665     -0.17488    -0.010171     -0.16471       6.0529       7.6756      0.78859       5748.7      -1005.2        37576       5748.7      -1005.2        37576            0            0            0       24.666       1.1443           25       9.3811       -10359        13427       2043.2     0.050935     -0.24871    -0.018494            0       3300.3      0.45511       1.0037     0.081906            0            0            0            0            0            0            0            0            0          294         0.58            1  
         26            0            0       1.6612      0.28513     0.021487      0.26364    -0.045888       3.8365     -0.14136       3.9778      0.91927     -0.18765     -0.01119     -0.17646        5.826       7.5089      0.77588       6160.6      -1072.3        38817       6160.6      -1072.3        38817            0            0            0        24.64       1.1697           25       9.7397       -10740        13626       2192.4     0.050267     -0.24882    -0.019253            0       3373.6      0.48721      0.99949     0.083502            0            0            0            0            0            0            0            0            0          294         0.58            1  
         27            0            0       1.7136      0.30549     0.023722      0.28176    -0.048841       3.8846     -0.15607       4.0406      0.95177     -0.20101    -0.012446     -0.18856       5.6094        7.343      0.76392         6584      -1141.3        40042         6584      -1141.3        40042            0            0            0       24.612       1.1961           25       10.108       -11120        13797       2348.5     0.049593     -0.24893    -0.019993            0       3449.8      0.52011      0.99518     0.084982            0            0            0            0            0            0            0            0            0          294         0.58            1  
         28            0            0       1.7653      0.32697     0.026614      0.30036    -0.051875       3.9228     -0.17509       4.0979      0.98411     -0.21509    -0.014087     -0.20101        5.399       7.1734      0.75264       7018.5      -1212.2        41251       7018.5      -1212.2        41251            0            0            0       24.582       1.2244           25       10.493       -11498        13933       2513.1      0.04891     -0.24905    -0.020714            0       3531.3      0.55375      0.99079     0.086342            0            0            0            0            0            0            0            0            0          294         0.58            1  
         29            0            0       1.8163      0.34969     0.030278      0.31941    -0.054989       3.9504      -0.1992       4.1496       1.0163     -0.22995    -0.016164     -0.21379       5.1941       7.0002        0.742       7463.7      -1284.9        42443       7463.7      -1284.9        42443            0            0            0       24.549       1.2547           25       10.898       -11874        14031       2686.7     0.048219     -0.24917    -0.021415            0       3618.7       0.5881      0.98631     0.087581            0            0            0            0            0            0            0            0            0          294         0.58            1  
         30            0            0       1.8666      0.37337     0.034468       0.3389    -0.058181       3.9692     -0.22677       4.1959       1.0483     -0.24544    -0.018545     -0.22689       4.9993       6.8302      0.73194       7919.2      -1359.5        43617       7919.2      -1359.5        43617            0            0            0       24.514       1.2859           25       11.311       -12248        14098       2867.6     0.047519      -0.2493    -0.022097            0       3708.7       0.6231      0.98174     0.088699            0            0            0            0            0            0            0            0            0          294         0.58            1  
